1 0.13125 0.53203125 0.23125 0.4828125
1 0.3859375 0.5421875 0.228125 0.471875
1 0.6328125 0.52734375 0.23125 0.4859375
1 0.87734375 0.52734375 0.2171875 0.4828125
0 0.06015625 0.325 0.04296875 0.04765625
0 0.0609375 0.37421875 0.04375 0.0453125
0 0.0609375 0.425 0.0453125 0.04375
0 0.30703125 0.3453125 0.05 0.04765625
0 0.3625 0.37265625 0.04765625 0.04765625
0 0.309375 0.40234375 0.0515625 0.0515625
0 0.565625 0.35 0.04765625 0.0453125
0 0.61875 0.35 0.04296875 0.04921875
0 0.8203125 0.3390625 0.04921875 0.04609375
0 0.81640625 0.3984375 0.04375 0.0453125