1 0.6140625 0.8421875 0.521875 0.315625
1 0.56640625 0.6015625 0.5109375 0.328125
1 0.496875 0.3640625 0.525 0.334375
1 0.440625 0.14296875 0.51875 0.2859375
0 0.428125 0.96796875 0.05625 0.053125
0 0.4765625 0.95625 0.0546875 0.053125
0 0.52578125 0.94453125 0.053125 0.0546875
0 0.39296875 0.72265625 0.05625 0.059375
0 0.40703125 0.6625 0.05625 0.05625
0 0.44765625 0.7078125 0.0625 0.0625
0 0.3390625 0.46953125 0.0546875 0.05625
0 0.32734375 0.41796875 0.0578125 0.053125
0 0.27109375 0.22421875 0.05625 0.059375
0 0.3296875 0.21484375 0.0546875 0.053125