1 0.3859375 0.15703125 0.521875 0.3140625
1 0.43359375 0.3984375 0.5109375 0.328125
1 0.503125 0.6359375 0.525 0.334375
1 0.5578125 0.85625 0.51875 0.2875
0 0.571875 0.03203125 0.05625 0.053125
0 0.5234375 0.04375 0.0546875 0.053125
0 0.47421875 0.05546875 0.053125 0.0546875
0 0.60703125 0.27734375 0.05625 0.059375
0 0.59296875 0.3375 0.05625 0.05625
0 0.55234375 0.2921875 0.0625 0.0625
0 0.6609375 0.53046875 0.0546875 0.05625
0 0.67265625 0.58203125 0.0578125 0.053125
0 0.72890625 0.77578125 0.05625 0.059375
0 0.6703125 0.78515625 0.0546875 0.053125