1 0.42109375 0.70546875 0.609375 0.3078125
1 0.66328125 0.653125 0.4609375 0.384375
1 0.65234375 0.31015625 0.48125 0.371875
1 0.303125 0.44765625 0.3265625 0.253125
0 0.17890625 0.7453125 0.059375 0.0609375
0 0.234375 0.75078125 0.0578125 0.0625
0 0.2890625 0.75546875 0.0578125 0.0609375
0 0.21171875 0.4953125 0.053125 0.0515625
0 0.26484375 0.5 0.05 0.053125
0 0.3140625 0.5046875 0.0484375 0.05
0 0.7296875 0.5328125 0.06875 0.0546875
0 0.8015625 0.5359375 0.0703125 0.0640625
0 0.47890625 0.40859375 0.0609375 0.059375
0 0.53984375 0.41640625 0.0609375 0.0578125