1 0.2890625 0.43515625 0.26875 0.59375
1 0.35859375 0.6734375 0.35625 0.4390625
1 0.7 0.63828125 0.340625 0.4609375
1 0.53828125 0.3 0.23125 0.3125
0 0.2328125 0.196875 0.0578125 0.05625
0 0.23125 0.25234375 0.0578125 0.0546875
0 0.23046875 0.3078125 0.0578125 0.0546875
0 0.484375 0.2125 0.0484375 0.0515625
0 0.48359375 0.265625 0.0515625 0.046875
0 0.48203125 0.31484375 0.046875 0.0453125
0 0.48359375 0.73203125 0.0515625 0.065625
0 0.48515625 0.80390625 0.059375 0.0671875
0 0.58984375 0.47265625 0.05625 0.0578125
0 0.5859375 0.53359375 0.0546875 0.0578125