1 0.28828125 0.4390625 0.2578125 0.5890625
1 0.36171875 0.67578125 0.3484375 0.4328125
1 0.70234375 0.63515625 0.3328125 0.4546875
1 0.53515625 0.29921875 0.2265625 0.3078125
0 0.22734375 0.2015625 0.05625 0.0546875
0 0.22734375 0.25703125 0.05703125 0.05390625
0 0.22734375 0.3125 0.05546875 0.05234375
0 0.4796875 0.2125 0.046875 0.05
0 0.4796875 0.265625 0.04921875 0.0453125
0 0.47890625 0.31484375 0.04609375 0.04453125
0 0.4875 0.73203125 0.05078125 0.0640625
0 0.490625 0.80390625 0.0578125 0.065625
0 0.5890625 0.47109375 0.0546875 0.05703125
0 0.58671875 0.53203125 0.05390625 0.05703125