0 0.03046875 0.7859375 0.0609375 0.08125
0 0.0796875 0.73359375 0.090625 0.078125
0 0.10546875 0.80703125 0.090625 0.0796875
0 0.059375 0.59296875 0.05 0.04375
0 0.109375 0.60546875 0.05 0.0421875
0 0.16015625 0.61796875 0.05 0.04375
0 0.10625 0.43125 0.0546875 0.046875
0 0.12421875 0.365625 0.053125 0.0515625
0 0.1984375 0.45390625 0.046875 0.0453125
0 0.21875 0.3921875 0.0515625 0.05
0 0.13671875 0.23828125 0.0359375 0.03125
0 0.16875 0.26640625 0.034375 0.034375
0 0.17578125 0.23515625 0.0328125 0.03125
0 0.24140625 0.2828125 0.0375 0.034375
0 0.20390625 0.08515625 0.040625 0.0359375
0 0.240625 0.10546875 0.0375 0.0328125
0 0.25078125 0.06875 0.0421875 0.04375
0 0.2234375 0.0328125 0.0375 0.0359375
0 0.32734375 0.865625 0.0484375 0.0453125
0 0.3703125 0.875 0.0453125 0.0453125
0 0.41640625 0.88828125 0.046875 0.040625
0 0.38125 0.67109375 0.0640625 0.0609375
0 0.446875 0.70234375 0.0515625 0.0453125
0 0.39140625 0.63125 0.0546875 0.0484375
0 0.40546875 0.4984375 0.0546875 0.046875
0 0.46796875 0.51484375 0.059375 0.0546875
0 0.46875 0.3265625 0.1 0.084375
0 0.55 0.290625 0.0984375 0.084375
0 0.496875 0.16015625 0.0453125 0.0421875
0 0.55234375 0.1765625 0.0484375 0.04375
0 0.61796875 0.9265625 0.05 0.0421875
0 0.67109375 0.9375 0.0515625 0.04375
0 0.68046875 0.9015625 0.05625 0.0453125
0 0.66953125 0.740625 0.0703125 0.0578125
0 0.74140625 0.759375 0.0640625 0.0609375
0 0.69609375 0.5828125 0.053125 0.046875
0 0.7484375 0.59609375 0.0515625 0.05
0 0.75703125 0.5609375 0.0578125 0.0484375
0 0.75546875 0.4109375 0.0484375 0.04375
0 0.76484375 0.3765625 0.0484375 0.04375
0 0.80546875 0.42734375 0.046875 0.040625
0 0.8390625 0.2375 0.0671875 0.059375
0 0.80859375 0.1828125 0.0734375 0.0671875
0 0.89296875 0.20390625 0.06875 0.0609375