0 0.10546875 0.1 0.06484375 0.075
0 0.171875 0.1484375 0.0609375 0.07890625
0 0.10625 0.19140625 0.0625 0.07734375
0 0.303125 0.0953125 0.03515625 0.0421875
0 0.303125 0.146875 0.0328125 0.04375
0 0.303125 0.1984375 0.034375 0.04375
0 0.471875 0.1015625 0.0359375 0.046875
0 0.53984375 0.103125 0.0421875 0.04296875
0 0.471875 0.19609375 0.03828125 0.0390625
0 0.53671875 0.20078125 0.03984375 0.04296875
0 0.66640625 0.084375 0.02578125 0.03203125
0 0.64609375 0.121875 0.028125 0.028125
0 0.678125 0.12109375 0.02578125 0.02890625
0 0.6484375 0.196875 0.0265625 0.0328125
0 0.83125 0.1125 0.02734375 0.03359375
0 0.8203125 0.153125 0.0265625 0.03203125
0 0.8578125 0.15390625 0.0359375 0.034375
0 0.88671875 0.11875 0.0296875 0.03046875
0 0.10390625 0.42109375 0.03515625 0.03984375
0 0.1046875 0.46484375 0.03671875 0.0375
0 0.103125 0.5125 0.03203125 0.03984375
0 0.30546875 0.42578125 0.05 0.05390625
0 0.290625 0.49765625 0.0359375 0.04453125
0 0.34609375 0.4265625 0.0375 0.04609375
0 0.47890625 0.4078125 0.0359375 0.04765625
0 0.478125 0.47265625 0.04375 0.05
0 0.6609375 0.42734375 0.06484375 0.08671875
0 0.71484375 0.49765625 0.065625 0.084375
0 0.82890625 0.41484375 0.034375 0.03828125
0 0.8265625 0.47265625 0.03359375 0.03984375
0 0.11484375 0.71796875 0.0328125 0.04296875
0 0.1171875 0.771875 0.034375 0.0453125
0 0.15390625 0.77265625 0.03515625 0.05078125
0 0.3078125 0.72265625 0.04296875 0.0609375
0 0.30703125 0.796875 0.0484375 0.0546875
0 0.4671875 0.71015625 0.03828125 0.0453125
0 0.4671875 0.7640625 0.040625 0.04453125
0 0.503125 0.7640625 0.03828125 0.04921875
0 0.6484375 0.7265625 0.034375 0.03984375
0 0.68359375 0.72734375 0.034375 0.04140625
0 0.64453125 0.77890625 0.03046875 0.040625
0 0.83671875 0.765625 0.04765625 0.0578125
0 0.88203125 0.72265625 0.05390625 0.0625
0 0.88203125 0.809375 0.0484375 0.059375