0 0.8578125 0.9328125 0.071875 0.0796875
0 0.79609375 0.87890625 0.0671875 0.0828125
0 0.865625 0.84140625 0.06875 0.0828125
0 0.6609375 0.9203125 0.0375 0.0453125
0 0.665625 0.86875 0.0359375 0.046875
0 0.66953125 0.8171875 0.0375 0.046875
0 0.49296875 0.89921875 0.040625 0.05
0 0.42578125 0.8921875 0.0453125 0.046875
0 0.5015625 0.80546875 0.040625 0.0421875
0 0.4375 0.79453125 0.04375 0.046875
0 0.29765625 0.89921875 0.028125 0.0328125
0 0.321875 0.8640625 0.03125 0.03125
0 0.28984375 0.86171875 0.028125 0.0296875
0 0.32578125 0.7890625 0.0296875 0.034375
0 0.1359375 0.85703125 0.03125 0.0359375
0 0.15078125 0.81796875 0.0296875 0.0328125
0 0.11328125 0.81328125 0.0390625 0.0375
0 0.08125 0.84609375 0.0328125 0.034375
0 0.8875 0.61328125 0.0375 0.04375
0 0.890625 0.56953125 0.040625 0.040625
0 0.89609375 0.521875 0.034375 0.04375
0 0.6875 0.590625 0.0546875 0.0578125
0 0.70859375 0.5203125 0.0390625 0.046875
0 0.646875 0.58671875 0.0421875 0.05
0 0.51328125 0.59375 0.040625 0.05
0 0.51953125 0.52890625 0.0484375 0.053125
0 0.33359375 0.55859375 0.0734375 0.0921875
0 0.2859375 0.48359375 0.0734375 0.0890625
0 0.16484375 0.55625 0.0375 0.040625
0 0.17265625 0.4984375 0.0375 0.04375
0 0.90234375 0.31640625 0.0359375 0.046875
0 0.9046875 0.2625 0.0375 0.0484375
0 0.86875 0.25859375 0.0390625 0.0546875
0 0.7109375 0.2953125 0.0484375 0.0640625
0 0.71796875 0.22109375 0.053125 0.059375
0 0.55078125 0.29375 0.040625 0.0484375
0 0.55546875 0.23984375 0.04375 0.046875
0 0.51953125 0.23671875 0.0421875 0.053125
0 0.371875 0.26171875 0.0375 0.04375
0 0.33671875 0.2578125 0.0375 0.04375
0 0.38046875 0.209375 0.034375 0.04375
0 0.1875 0.20625 0.053125 0.0625
0 0.1390625 0.24453125 0.059375 0.0671875
0 0.14609375 0.15859375 0.053125 0.0640625