1 0.47421875 0.234375 0.9484375 0.46875
1 0.5 0.4796875 1 0.44375
1 0.51953125 0.69375 0.9609375 0.396875
1 0.53984375 0.84296875 0.9203125 0.3140625
0 0.215625 0.9515625 0.134375 0.096875
0 0.3203125 0.96875 0.065625 0.0625
0 0.3828125 0.95859375 0.065625 0.059375
0 0.1765625 0.77734375 0.1359375 0.1171875
0 0.2796875 0.78828125 0.0671875 0.059375
0 0.34140625 0.7734375 0.0671875 0.059375
0 0.24296875 0.5953125 0.065625 0.0578125
0 0.30390625 0.58125 0.06875 0.059375
0 0.13828125 0.58984375 0.1328125 0.1171875