1 0.8125 0.5046875 0.359375 0.965625
1 0.51953125 0.50390625 0.2453125 0.9765625
1 0.30234375 0.49921875 0.196875 0.9828125
1 0.10390625 0.49921875 0.2015625 0.9828125
0 0.10625 0.1265625 0.09609375 0.1171875
0 0.07734375 0.22734375 0.05234375 0.05546875
0 0.07578125 0.28984375 0.0484375 0.05703125
0 0.29609375 0.12578125 0.0953125 0.11796875
0 0.2640625 0.225 0.0484375 0.0578125
0 0.265625 0.28828125 0.0484375 0.0578125
0 0.46015625 0.22890625 0.04765625 0.0578125
0 0.4609375 0.29140625 0.0484375 0.059375
0 0.4875 0.12734375 0.0953125 0.115625