1 0.22578125 0.52109375 0.4515625 0.9578125
1 0.48046875 0.5 0.4109375 1
1 0.69453125 0.48359375 0.3640625 0.9671875
1 0.85234375 0.46640625 0.2953125 0.9328125
0 0.946875 0.79921875 0.10625 0.1328125
0 0.96328125 0.6953125 0.0625 0.0640625
0 0.95390625 0.63359375 0.0578125 0.0640625
0 0.765625 0.8328125 0.1140625 0.1328125
0 0.78046875 0.7296875 0.0578125 0.065625
0 0.76796875 0.66796875 0.0578125 0.065625
0 0.5859375 0.76015625 0.05625 0.065625
0 0.575 0.6984375 0.0578125 0.0671875
0 0.57734375 0.86484375 0.1140625 0.1296875