1 0.55390625 0.8515625 0.6671875 0.2625
1 0.5359375 0.61875 0.665625 0.2578125
1 0.5078125 0.3828125 0.665625 0.2578125
1 0.4828125 0.14296875 0.6671875 0.259375
0 0.31171875 0.934375 0.0515625 0.0359375
0 0.3078125 0.896875 0.05 0.0375
0 0.37265625 0.92890625 0.053125 0.0359375
0 0.36875 0.890625 0.05 0.0390625
0 0.28828125 0.70234375 0.0515625 0.0390625
0 0.2828125 0.6625 0.053125 0.040625
0 0.3453125 0.65703125 0.053125 0.0359375
0 0.34921875 0.69609375 0.059375 0.040625
0 0.26171875 0.465625 0.05 0.0359375
0 0.2578125 0.42734375 0.05 0.034375
0 0.32421875 0.459375 0.05 0.0359375
0 0.31953125 0.42109375 0.05 0.034375
0 0.23671875 0.22734375 0.0453125 0.0328125
0 0.2328125 0.190625 0.046875 0.0390625
0 0.29765625 0.221875 0.05 0.0359375
0 0.29375 0.1828125 0.053125 0.0359375