1 0.14453125 0.5171875 0.1953125 0.65
1 0.378125 0.5234375 0.190625 0.65
1 0.615625 0.5203125 0.190625 0.65
1 0.85703125 0.5203125 0.1921875 0.65
0 0.0875 0.2671875 0.03203125 0.0484375
0 0.12578125 0.2671875 0.0328125 0.04765625
0 0.08671875 0.32890625 0.03125 0.05078125
0 0.125 0.32890625 0.034375 0.04765625
0 0.32109375 0.26796875 0.03515625 0.0484375
0 0.3609375 0.2671875 0.0359375 0.04921875
0 0.36015625 0.3296875 0.03046875 0.05078125
0 0.32109375 0.3296875 0.034375 0.05546875
0 0.559375 0.26640625 0.03046875 0.04609375
0 0.59765625 0.26640625 0.0296875 0.04609375
0 0.55859375 0.3296875 0.03203125 0.04765625
0 0.59765625 0.32890625 0.0296875 0.04609375
0 0.7984375 0.26640625 0.02734375 0.0421875
0 0.8359375 0.26640625 0.034375 0.04296875
0 0.79765625 0.328125 0.03125 0.04765625
0 0.83671875 0.328125 0.03203125 0.04921875