1 0.5109375 0.85546875 0.653125 0.20625
1 0.52109375 0.621875 0.653125 0.2015625
1 0.52265625 0.384375 0.653125 0.2015625
1 0.5265625 0.14375 0.653125 0.203125
0 0.26015625 0.90859375 0.0484375 0.0328125
0 0.2609375 0.8703125 0.046875 0.034375
0 0.321875 0.91015625 0.05 0.0328125
0 0.32265625 0.871875 0.046875 0.0359375
0 0.26484375 0.675 0.0484375 0.0359375
0 0.26484375 0.63515625 0.05 0.0375
0 0.32734375 0.63671875 0.05 0.0328125
0 0.3265625 0.67578125 0.05625 0.0359375
0 0.2671875 0.43671875 0.046875 0.0328125
0 0.26796875 0.3984375 0.046875 0.03125
0 0.33046875 0.43828125 0.046875 0.0328125
0 0.33046875 0.39921875 0.046875 0.03125
0 0.271875 0.19765625 0.0421875 0.028125
0 0.27265625 0.16015625 0.04375 0.034375
0 0.33359375 0.19921875 0.046875 0.0328125
0 0.334375 0.16015625 0.05 0.0328125