1 0.1390625 0.49921875 0.21875 0.7515625
1 0.3796875 0.49609375 0.228125 0.7546875
1 0.6171875 0.49765625 0.221875 0.7609375
1 0.8578125 0.49921875 0.221875 0.7484375
0 0.06171875 0.19921875 0.025 0.0421875
0 0.06796875 0.2671875 0.04453125 0.0421875
0 0.29765625 0.19453125 0.03203125 0.04609375
0 0.3015625 0.26328125 0.0328125 0.0453125
0 0.5390625 0.19609375 0.0390625 0.0515625
0 0.5421875 0.26953125 0.0421875 0.046875
0 0.78203125 0.19609375 0.03515625 0.0515625
0 0.77734375 0.26484375 0.0390625 0.06015625