1 0.690625 0.42109375 0.278125 0.6984375
1 0.159375 0.57890625 0.271875 0.7015625
1 0.33125 0.425 0.278125 0.70625
1 0.5171875 0.57890625 0.3 0.7265625
1 0.88671875 0.42109375 0.1546875 0.7046875
0 0.7609375 0.7109375 0.0625 0.0671875
0 0.715625 0.64921875 0.065625 0.065625
0 0.584375 0.8625 0.0703125 0.0734375
0 0.5421875 0.79765625 0.065625 0.06875
0 0.41484375 0.7125 0.0546875 0.0609375
0 0.3640625 0.64609375 0.059375 0.078125
0 0.2375 0.86015625 0.0609375 0.071875
0 0.1875 0.79375 0.075 0.075