1 0.18359375 0.26171875 0.1609375 0.3140625
1 0.5 0.26171875 0.159375 0.3109375
1 0.815625 0.265625 0.165625 0.321875
1 0.18515625 0.7890625 0.1609375 0.3125
1 0.4984375 0.79140625 0.1625 0.3140625
1 0.8109375 0.7890625 0.16875 0.321875
0 0.13046875 0.165625 0.034375 0.0375
0 0.12890625 0.13359375 0.034375 0.03203125
0 0.159375 0.1484375 0.03359375 0.03515625
0 0.4453125 0.13046875 0.03359375 0.0296875
0 0.47421875 0.1515625 0.034375 0.03984375
0 0.446875 0.1640625 0.03984375 0.03515625
0 0.7625 0.1328125 0.028125 0.03671875
0 0.79296875 0.1484375 0.02890625 0.02734375
0 0.7671875 0.16953125 0.03359375 0.03359375
0 0.128125 0.66171875 0.034375 0.03125
0 0.15703125 0.67734375 0.0265625 0.03671875
0 0.13125 0.6921875 0.034375 0.02890625
0 0.44453125 0.659375 0.034375 0.03515625
0 0.4734375 0.67421875 0.0296875 0.03828125
0 0.44453125 0.6921875 0.0359375 0.04296875
0 0.75546875 0.65546875 0.0359375 0.0359375
0 0.7875 0.67578125 0.03515625 0.0375
0 0.759375 0.6921875 0.03671875 0.0453125