1 0.69765625 0.15703125 0.33125 0.1984375
1 0.73671875 0.47109375 0.328125 0.1953125
1 0.77109375 0.784375 0.3390625 0.203125
1 0.175 0.22265625 0.3296875 0.1984375
1 0.2109375 0.53359375 0.33125 0.2
1 0.25078125 0.84375 0.340625 0.20625
0 0.78671875 0.0921875 0.0421875 0.0390625
0 0.81875 0.08671875 0.0359375 0.0375
0 0.8078125 0.11875 0.0390625 0.0390625
0 0.86015625 0.40078125 0.034375 0.0375
0 0.84296875 0.43203125 0.04375 0.0390625
0 0.82734375 0.40625 0.0390625 0.04375
0 0.89609375 0.715625 0.040625 0.0328125
0 0.884375 0.74765625 0.03125 0.0328125
0 0.8609375 0.725 0.0390625 0.0390625
0 0.29453125 0.15078125 0.0359375 0.0375
0 0.28203125 0.18125 0.040625 0.03125
0 0.2640625 0.15703125 0.0328125 0.0375
0 0.33515625 0.4640625 0.0390625 0.0390625
0 0.32421875 0.49453125 0.040625 0.034375
0 0.30234375 0.46875 0.0484375 0.040625
0 0.3765625 0.77265625 0.040625 0.040625
0 0.3609375 0.80703125 0.0421875 0.0390625
0 0.340625 0.78125 0.05 0.0421875