1 0.7796875 0.21953125 0.3328125 0.203125
1 0.7359375 0.5328125 0.3296875 0.2015625
1 0.68828125 0.8453125 0.3421875 0.209375
1 0.2578125 0.14765625 0.33125 0.203125
1 0.21171875 0.4578125 0.334375 0.2046875
1 0.1703125 0.7671875 0.340625 0.2125
0 0.8828125 0.18046875 0.0421875 0.0390625
0 0.91484375 0.18359375 0.0359375 0.0390625
0 0.8953125 0.21171875 0.0390625 0.0390625
0 0.8734375 0.49765625 0.034375 0.0375
0 0.8484375 0.52265625 0.0453125 0.0390625
0 0.83984375 0.49453125 0.0390625 0.0453125
0 0.82734375 0.8109375 0.040625 0.0328125
0 0.80703125 0.8390625 0.03125 0.0328125
0 0.78984375 0.8109375 0.0390625 0.0390625
0 0.39140625 0.109375 0.0359375 0.0390625
0 0.371875 0.1359375 0.040625 0.03125
0 0.3609375 0.1078125 0.0328125 0.0375
0 0.35 0.42265625 0.0390625 0.0390625
0 0.33125 0.44921875 0.040625 0.034375
0 0.3171875 0.41796875 0.0484375 0.0421875
0 0.31015625 0.73125 0.040625 0.040625
0 0.2859375 0.76015625 0.0421875 0.0390625
0 0.2734375 0.73046875 0.05 0.04375