1 0.8734375 0.6734375 0.134375 0.2625
1 0.73203125 0.68359375 0.1140625 0.2390625
1 0.60234375 0.6765625 0.1140625 0.25
1 0.475 0.68125 0.134375 0.240625
1 0.2953125 0.58671875 0.11875 0.2296875
1 0.14765625 0.63984375 0.1265625 0.2578125
0 0.11484375 0.54375 0.0234375 0.02109375
0 0.11484375 0.56953125 0.021875 0.0203125
0 0.115625 0.5953125 0.02578125 0.02265625
0 0.2671875 0.51171875 0.02265625 0.025
0 0.29140625 0.525 0.0265625 0.021875
0 0.2671875 0.53828125 0.021875 0.02265625
0 0.44609375 0.59921875 0.01953125 0.02265625
0 0.4453125 0.62265625 0.02421875 0.02109375
0 0.4453125 0.64609375 0.025 0.021875
0 0.58046875 0.5875 0.028125 0.02578125
0 0.58125 0.60625 0.0265625 0.01796875
0 0.58125 0.6296875 0.03125 0.025
0 0.70234375 0.5984375 0.02890625 0.02421875
0 0.728125 0.62109375 0.01875 0.028125
0 0.70078125 0.6265625 0.02265625 0.0265625
0 0.8375 0.5734375 0.02265625 0.021875
0 0.8390625 0.59921875 0.02734375 0.0234375
0 0.83984375 0.62734375 0.025 0.0265625