0 0.859375 0.40234375 0.121875 0.1140625
0 0.2859375 0.07265625 0.0796875 0.0671875
0 0.79375 0.659375 0.1046875 0.115625
0 0.73515625 0.48515625 0.1015625 0.1109375
0 0.5859375 0.57421875 0.121875 0.1453125
0 0.20546875 0.10546875 0.065625 0.0578125
0 0.11796875 0.14296875 0.071875 0.0671875
0 0.11796875 0.4703125 0.0734375 0.0640625
0 0.26640625 0.41953125 0.0625 0.0625
0 0.1890625 0.4484375 0.065625 0.0515625
0 0.2359375 0.74296875 0.05625 0.05
0 0.16875 0.77421875 0.059375 0.046875
0 0.0921875 0.79921875 0.0671875 0.0578125