0 0.69296875 0.81875 0.1296875 0.134375
0 0.85234375 0.17578125 0.0765625 0.0859375
0 0.428125 0.82578125 0.125 0.1171875
0 0.57890625 0.721875 0.121875 0.1140625
0 0.45234375 0.603125 0.1578125 0.1390625
0 0.79765625 0.10859375 0.065625 0.071875
0 0.73828125 0.03671875 0.0765625 0.0734375
0 0.4234375 0.125 0.0734375 0.0796875
0 0.51328125 0.25390625 0.06875 0.0703125
0 0.4640625 0.18671875 0.059375 0.0703125
0 0.19375 0.31328125 0.05625 0.0609375
0 0.1453125 0.2578125 0.0546875 0.0640625
0 0.1 0.190625 0.065625 0.0734375