1 0.7234375 0.1546875 0.278125 0.1703125
1 0.7140625 0.29609375 0.253125 0.146875
1 0.6890625 0.4234375 0.2640625 0.1484375
1 0.67578125 0.55 0.25625 0.1671875
1 0.55703125 0.71484375 0.24375 0.15
1 0.5890625 0.86875 0.2734375 0.1609375
0 0.48984375 0.8875 0.025 0.0265625
0 0.515625 0.89140625 0.0234375 0.025
0 0.540625 0.89375 0.025 0.028125
0 0.47890625 0.73203125 0.028125 0.025
0 0.49609375 0.71015625 0.025 0.0296875
0 0.50546875 0.7359375 0.025 0.025
0 0.590625 0.5671875 0.025 0.021875
0 0.6140625 0.57109375 0.025 0.028125
0 0.63671875 0.57421875 0.025 0.028125
0 0.59765625 0.4328125 0.028125 0.03125
0 0.61640625 0.434375 0.021875 0.0296875
0 0.63984375 0.4375 0.0296875 0.034375
0 0.62578125 0.31328125 0.028125 0.03125
0 0.6515625 0.290625 0.0296875 0.021875
0 0.653125 0.31875 0.0296875 0.025
0 0.61953125 0.17578125 0.025 0.025
0 0.6453125 0.178125 0.0265625 0.03125
0 0.6734375 0.18125 0.0296875 0.028125