1 0.2640625 0.8375 0.28125 0.178125
1 0.27890625 0.696875 0.2546875 0.153125
1 0.30859375 0.5703125 0.265625 0.15625
1 0.32578125 0.44375 0.2609375 0.1734375
1 0.45 0.28359375 0.246875 0.15625
1 0.4234375 0.12890625 0.2765625 0.16875
0 0.5234375 0.11328125 0.025 0.0265625
0 0.4984375 0.10859375 0.0234375 0.025
0 0.47265625 0.1046875 0.0265625 0.028125
0 0.52890625 0.26875 0.028125 0.0265625
0 0.51171875 0.28984375 0.0265625 0.0296875
0 0.50234375 0.2640625 0.025 0.025
0 0.41171875 0.4296875 0.025 0.021875
0 0.3890625 0.425 0.0265625 0.028125
0 0.365625 0.42109375 0.0265625 0.028125
0 0.4 0.5640625 0.0296875 0.0328125
0 0.38125 0.56171875 0.0234375 0.0296875
0 0.3578125 0.5578125 0.0296875 0.034375
0 0.36796875 0.68203125 0.0296875 0.0328125
0 0.34140625 0.70390625 0.03125 0.0234375
0 0.340625 0.67578125 0.0296875 0.0265625
0 0.36875 0.81953125 0.025 0.025
0 0.34375 0.81640625 0.028125 0.03125
0 0.315625 0.8125 0.03125 0.0296875