0 0.37734375 0.1484375 0.10703125 0.1140625
0 0.08828125 0.74375 0.06328125 0.075
0 0.63828125 0.19609375 0.10859375 0.096875
0 0.46875 0.26640625 0.1046875 0.09453125
0 0.56796875 0.409375 0.13671875 0.11328125
0 0.12734375 0.82109375 0.05234375 0.0625
0 0.1703125 0.90625 0.06328125 0.0671875
0 0.496875 0.8828125 0.06015625 0.06953125
0 0.4359375 0.73828125 0.0578125 0.05859375
0 0.4703125 0.8140625 0.04765625 0.06171875
0 0.7609375 0.74609375 0.04609375 0.05390625
0 0.796875 0.8109375 0.04375 0.05703125
0 0.8265625 0.8859375 0.05234375 0.0640625