1 0.6140625 0.51953125 0.44375 0.7453125
0 0.51484375 0.1984375 0.05234375 0.0515625
0 0.38203125 0.16484375 0.04375 0.04921875
0 0.14921875 0.1703125 0.0484375 0.05390625
0 0.16875 0.228125 0.0515625 0.05546875
0 0.2578125 0.1640625 0.05 0.05703125
0 0.26796875 0.22421875 0.05078125 0.05390625
0 0.309375 0.18515625 0.03671875 0.05703125
0 0.38671875 0.22578125 0.04140625 0.046875
0 0.43828125 0.190625 0.04375 0.04765625
0 0.56953125 0.234375 0.05390625 0.06171875
0 0.51484375 0.2625 0.05546875 0.059375