1 0.1375 0.5015625 0.190625 0.753125
1 0.340625 0.50234375 0.18125 0.7671875
1 0.54296875 0.50859375 0.1890625 0.7578125
1 0.7390625 0.496875 0.178125 0.775
1 0.8984375 0.5078125 0.103125 0.8125
0 0.13828125 0.25 0.03984375 0.065625
0 0.17578125 0.25390625 0.03359375 0.07578125
0 0.33515625 0.25703125 0.0484375 0.0796875
0 0.3734375 0.2484375 0.03046875 0.0734375
0 0.5375 0.24765625 0.04296875 0.07890625
0 0.57734375 0.2453125 0.034375 0.07890625
0 0.7328125 0.2484375 0.05 0.0921875
0 0.78125 0.24609375 0.03125 0.09296875
0 0.88671875 0.24609375 0.02734375 0.08203125
0 0.91171875 0.24296875 0.02109375 0.08046875