1 0.859375 0.54296875 0.28125 0.7703125
1 0.65859375 0.5171875 0.2734375 0.7828125
1 0.45859375 0.4859375 0.2796875 0.775
1 0.2625 0.47421875 0.271875 0.790625
1 0.10546875 0.44375 0.2015625 0.81875
0 0.82890625 0.7921875 0.0484375 0.0703125
0 0.7921875 0.78359375 0.04375 0.078125
0 0.634375 0.7609375 0.0578125 0.084375
0 0.5953125 0.76484375 0.040625 0.0765625
0 0.43203125 0.74609375 0.053125 0.0828125
0 0.3921875 0.74375 0.04375 0.08125
0 0.23828125 0.72109375 0.0609375 0.096875
0 0.18984375 0.71796875 0.0421875 0.096875
0 0.08515625 0.7046875 0.0375 0.084375
0 0.06015625 0.7046875 0.03125 0.0828125