1 0.4703125 0.8609375 0.7671875 0.25625
1 0.48828125 0.65859375 0.7796875 0.246875
1 0.5125 0.4578125 0.771875 0.2546875
1 0.51796875 0.26171875 0.7875 0.2453125
1 0.5421875 0.10390625 0.81875 0.1734375
0 0.21953125 0.83828125 0.06875 0.046875
0 0.2265625 0.8015625 0.078125 0.040625
0 0.24375 0.64296875 0.084375 0.0546875
0 0.23828125 0.60390625 0.0765625 0.0375
0 0.2515625 0.440625 0.08125 0.05
0 0.253125 0.40078125 0.08125 0.040625
0 0.26953125 0.24609375 0.096875 0.0578125
0 0.271875 0.19765625 0.096875 0.0390625
0 0.28046875 0.09296875 0.0828125 0.034375
0 0.2796875 0.0671875 0.0828125 0.028125