1 0.23359375 0.40703125 0.2578125 0.4734375
1 0.44453125 0.40546875 0.1265625 0.4890625
1 0.58203125 0.3984375 0.1328125 0.503125
1 0.7625 0.4046875 0.246875 0.471875
0 0.41875 0.22109375 0.0484375 0.04296875
0 0.428125 0.2578125 0.059375 0.034375
0 0.43515625 0.296875 0.04609375 0.03671875
0 0.45859375 0.228125 0.03125 0.02734375
0 0.55234375 0.215625 0.04453125 0.03515625
0 0.55859375 0.25625 0.04609375 0.0375
0 0.56875 0.2953125 0.0546875 0.04140625
0 0.59375 0.23203125 0.03125 0.034375
0 0.68515625 0.2125 0.04921875 0.03828125
0 0.684375 0.25078125 0.034375 0.040625
0 0.684375 0.29140625 0.0359375 0.03828125
0 0.71953125 0.2328125 0.028125 0.0359375