1 0.228125 0.42578125 0.290625 0.490625
1 0.43828125 0.409375 0.1609375 0.496875
1 0.575 0.39296875 0.1671875 0.5109375
1 0.75546875 0.38671875 0.2796875 0.4875
0 0.39921875 0.22734375 0.0515625 0.046875
0 0.41171875 0.26328125 0.0609375 0.0390625
0 0.42109375 0.3015625 0.05 0.040625
0 0.43984375 0.23203125 0.0328125 0.0296875
0 0.53203125 0.2125 0.0453125 0.0375
0 0.54140625 0.253125 0.05 0.040625
0 0.5546875 0.290625 0.0578125 0.04375
0 0.575 0.22578125 0.0328125 0.0359375
0 0.66484375 0.2 0.053125 0.040625
0 0.66640625 0.23828125 0.0375 0.0421875
0 0.66953125 0.27890625 0.0390625 0.040625
0 0.7 0.21796875 0.03125 0.0375