1 0.7765625 0.5546875 0.321875 0.5046875
1 0.56796875 0.5859375 0.19375 0.5015625
1 0.4328125 0.61171875 0.2015625 0.5171875
1 0.253125 0.63125 0.309375 0.5015625
0 0.61953125 0.76484375 0.0546875 0.05
0 0.6046875 0.7296875 0.0640625 0.0421875
0 0.5921875 0.6921875 0.0515625 0.04375
0 0.57890625 0.76328125 0.034375 0.0328125
0 0.4875 0.7890625 0.0484375 0.040625
0 0.47578125 0.74921875 0.0515625 0.04375
0 0.46015625 0.7125 0.059375 0.0484375
0 0.44453125 0.778125 0.0359375 0.0390625
0 0.35703125 0.81015625 0.0546875 0.04375
0 0.35234375 0.77265625 0.0390625 0.0453125
0 0.34609375 0.73203125 0.040625 0.0421875
0 0.31953125 0.7953125 0.0328125 0.0390625