1 0.78125 0.4828125 0.2640625 0.6375
1 0.47890625 0.4890625 0.278125 0.675
1 0.184375 0.4859375 0.2828125 0.690625
0 0.8265625 0.759375 0.065625 0.0703125
0 0.828125 0.7 0.0546875 0.0515625
0 0.83203125 0.6453125 0.0546875 0.0625
0 0.55859375 0.73359375 0.0546875 0.0546875
0 0.55625 0.77421875 0.0578125 0.05625
0 0.5546875 0.67421875 0.0484375 0.0578125
0 0.25546875 0.77890625 0.0484375 0.059375
0 0.2609375 0.7234375 0.0578125 0.0671875
0 0.25703125 0.65546875 0.053125 0.05625
0 0.2140625 0.7140625 0.046875 0.0453125