1 0.21953125 0.52734375 0.2421875 0.6296875
1 0.52109375 0.51015625 0.2546875 0.6671875
1 0.815625 0.503125 0.259375 0.68125
0 0.16484375 0.25234375 0.06171875 0.06796875
0 0.16484375 0.31171875 0.05390625 0.05
0 0.16328125 0.36640625 0.05390625 0.06015625
0 0.43359375 0.26875 0.05390625 0.05234375
0 0.434375 0.228125 0.05546875 0.0546875
0 0.4390625 0.328125 0.04609375 0.05546875
0 0.734375 0.2125 0.04609375 0.0578125
0 0.73125 0.26796875 0.05546875 0.06640625
0 0.7375 0.3359375 0.0515625 0.0546875
0 0.778125 0.27578125 0.04453125 0.04453125