1 0.78125 0.51171875 0.328125 0.6578125
1 0.48046875 0.48671875 0.3453125 0.696875
1 0.1875 0.453125 0.3515625 0.7109375
0 0.79765625 0.7921875 0.071875 0.0765625
0 0.80546875 0.7328125 0.059375 0.05625
0 0.81484375 0.67890625 0.0609375 0.0671875
0 0.53359375 0.73828125 0.059375 0.059375
0 0.52734375 0.778125 0.0640625 0.0625
0 0.53671875 0.67890625 0.0546875 0.0625
0 0.228125 0.75234375 0.0546875 0.0640625
0 0.2390625 0.69765625 0.0640625 0.0734375
0 0.2421875 0.6296875 0.059375 0.0609375
0 0.19375 0.68359375 0.0515625 0.05