1 0.13984375 0.165625 0.1234375 0.2125
1 0.33125 0.1625 0.11875 0.215625
1 0.5109375 0.159375 0.11875 0.215625
1 0.6921875 0.16171875 0.1125 0.2109375
1 0.871875 0.1640625 0.125 0.215625
1 0.86953125 0.3921875 0.1203125 0.215625
1 0.696875 0.3921875 0.1 0.209375
1 0.5125 0.38984375 0.13125 0.2140625
1 0.328125 0.3890625 0.125 0.2125
1 0.14140625 0.3890625 0.1265625 0.209375
1 0.13984375 0.61484375 0.1265625 0.2078125
1 0.14140625 0.84375 0.1203125 0.215625
1 0.3296875 0.6125 0.115625 0.2125
1 0.32890625 0.84140625 0.1078125 0.2109375
1 0.509375 0.83984375 0.115625 0.2109375
1 0.69375 0.8390625 0.11875 0.2125
1 0.87578125 0.8421875 0.1328125 0.215625
1 0.8703125 0.6125 0.115625 0.2125
1 0.69453125 0.61328125 0.1140625 0.2109375
1 0.5109375 0.6140625 0.125 0.215625
0 0.09921875 0.078125 0.02265625 0.02109375
0 0.12421875 0.0875 0.0203125 0.02109375
0 0.1015625 0.10234375 0.0234375 0.02578125
0 0.29140625 0.0765625 0.0234375 0.01796875
0 0.2921875 0.09453125 0.03046875 0.01796875
0 0.29375 0.11328125 0.0265625 0.021875
0 0.478125 0.07890625 0.02109375 0.0234375
0 0.47578125 0.09609375 0.0234375 0.0171875
0 0.47578125 0.115625 0.0203125 0.021875
0 0.6578125 0.0796875 0.01640625 0.01484375
0 0.6578125 0.096875 0.01796875 0.015625
0 0.65703125 0.11171875 0.01953125 0.0171875
0 0.83203125 0.08125 0.01484375 0.01640625
0 0.83203125 0.09453125 0.01640625 0.0140625
0 0.83046875 0.109375 0.01953125 0.01484375
0 0.109375 0.30703125 0.01015625 0.01484375
0 0.1078125 0.3265625 0.01328125 0.01484375
0 0.10859375 0.34453125 0.015625 0.01484375
0 0.34453125 0.3453125 0.01640625 0.01328125
0 0.3125 0.34453125 0.01640625 0.01171875
0 0.3109375 0.3171875 0.01015625 0.01640625
0 0.34140625 0.31484375 0.0140625 0.01171875
0 0.48984375 0.31953125 0.01171875 0.01484375
0 0.4921875 0.3390625 0.01640625 0.0109375
0 0.5296875 0.31875 0.0171875 0.01796875
0 0.53046875 0.3375 0.01484375 0.0171875
0 0.659375 0.3171875 0.01015625 0.01484375
0 0.65859375 0.334375 0.009375 0.0125
0 0.66015625 0.35234375 0.0109375 0.01484375
0 0.67109375 0.33359375 0.0125 0.01953125
0 0.8328125 0.3015625 0.01484375 0.01328125
0 0.84296875 0.30234375 0.015625 0.01640625
0 0.11015625 0.534375 0.025 0.02421875
0 0.11328125 0.5546875 0.0171875 0.015625
0 0.3 0.5328125 0.02421875 0.02265625
0 0.3015625 0.56171875 0.028125 0.02734375
0 0.47890625 0.528125 0.01953125 0.015625
0 0.47578125 0.5484375 0.025 0.01640625
0 0.478125 0.56171875 0.02421875 0.015625
0 0.6890625 0.540625 0.0171875 0.0171875
0 0.6890625 0.5546875 0.021875 0.0140625
0 0.6890625 0.56875 0.02265625 0.01484375
0 0.84140625 0.5359375 0.0171875 0.0171875
0 0.8375 0.55 0.02421875 0.01484375
0 0.840625 0.56875 0.0203125 0.0140625
0 0.109375 0.7640625 0.01640625 0.01640625
0 0.1265625 0.765625 0.01171875 0.0140625
0 0.1421875 0.7640625 0.015625 0.0203125
0 0.1578125 0.7640625 0.0109375 0.01484375
0 0.17265625 0.76328125 0.01796875 0.015625
0 0.30078125 0.7609375 0.0203125 0.01875
0 0.29921875 0.78046875 0.0203125 0.0171875
0 0.3203125 0.78125 0.0203125 0.01953125
0 0.3015625 0.79921875 0.015625 0.01171875
0 0.48125 0.75859375 0.02265625 0.01953125
0 0.48046875 0.77578125 0.0234375 0.01796875
0 0.48125 0.79296875 0.02578125 0.01875
0 0.65703125 0.75859375 0.0140625 0.0140625
0 0.67578125 0.75859375 0.0140625 0.015625
0 0.66015625 0.7765625 0.0140625 0.015625
0 0.675 0.77734375 0.01328125 0.01484375