1 0.896875 0.23125 0.20625 0.171875
1 0.86796875 0.41796875 0.2375 0.1671875
1 0.828125 0.59296875 0.2375 0.1671875
1 0.78203125 0.76796875 0.23125 0.1609375
1 0.73515625 0.92734375 0.2390625 0.1453125
1 0.51484375 0.884375 0.2390625 0.16875
1 0.55703125 0.7171875 0.228125 0.1484375
1 0.60390625 0.5390625 0.2390625 0.1796875
1 0.64921875 0.36015625 0.2359375 0.1734375
1 0.69453125 0.17890625 0.234375 0.1734375
1 0.47578125 0.12265625 0.2328125 0.1734375
1 0.25234375 0.0765625 0.2390625 0.153125
1 0.43203125 0.3078125 0.234375 0.1640625
1 0.21015625 0.2515625 0.23125 0.15625
1 0.16796875 0.4265625 0.2328125 0.1625
1 0.12421875 0.60625 0.234375 0.1671875
1 0.0984375 0.78125 0.196875 0.18125
1 0.3015625 0.83203125 0.234375 0.1640625
1 0.34296875 0.66171875 0.2328125 0.1609375
1 0.38671875 0.4828125 0.2390625 0.1734375
0 0.99609375 0.21328125 0.0078125 0.0265625
0 0.9890625 0.234375 0.021875 0.025
0 0.98203125 0.209375 0.0296875 0.028125
0 0.9609375 0.4 0.0234375 0.0265625
0 0.94375 0.39609375 0.025 0.034375
0 0.925 0.39375 0.028125 0.03125
0 0.9140625 0.58046875 0.028125 0.0265625
0 0.89765625 0.57421875 0.021875 0.0265625
0 0.87890625 0.56953125 0.0265625 0.025
0 0.86953125 0.7546875 0.01875 0.01875
0 0.853125 0.75078125 0.0203125 0.021875
0 0.8390625 0.74609375 0.021875 0.021875
0 0.82578125 0.9234375 0.01875 0.01875
0 0.81328125 0.9203125 0.0171875 0.01875
0 0.79921875 0.91484375 0.0203125 0.021875
0 0.78203125 0.16796875 0.0171875 0.0125
0 0.76328125 0.16171875 0.01875 0.015625
0 0.7453125 0.1578125 0.01875 0.01875
0 0.6875 0.38671875 0.015625 0.01875
0 0.69609375 0.35546875 0.015625 0.01875
0 0.7234375 0.3609375 0.0171875 0.0125
0 0.71796875 0.390625 0.015625 0.0171875
0 0.67734375 0.53359375 0.01875 0.015625
0 0.6578125 0.53125 0.0140625 0.0171875
0 0.66875 0.57265625 0.021875 0.021875
0 0.65 0.56875 0.0203125 0.01875
0 0.6390625 0.69921875 0.0171875 0.0125
0 0.62265625 0.69375 0.0140625 0.0125
0 0.6046875 0.69140625 0.0171875 0.0140625
0 0.6203125 0.70625 0.021875 0.0171875
0 0.61171875 0.87109375 0.015625 0.01875
0 0.60859375 0.88046875 0.01875 0.01875
0 0.5609375 0.11328125 0.0296875 0.0296875
0 0.540625 0.11171875 0.01875 0.0203125
0 0.51640625 0.29765625 0.0265625 0.0296875
0 0.48828125 0.2921875 0.034375 0.034375
0 0.478125 0.47265625 0.0203125 0.021875
0 0.45859375 0.46484375 0.021875 0.028125
0 0.4453125 0.4640625 0.021875 0.028125
0 0.41484375 0.6734375 0.0203125 0.0203125
0 0.4015625 0.6703125 0.01875 0.025
0 0.3875 0.6671875 0.0203125 0.025
0 0.3828125 0.82265625 0.0203125 0.0203125
0 0.36953125 0.815625 0.021875 0.028125
0 0.35078125 0.8140625 0.01875 0.0234375
0 0.33828125 0.05703125 0.01875 0.01875
0 0.3328125 0.0734375 0.0171875 0.015625
0 0.33046875 0.0890625 0.0234375 0.0203125
0 0.3265625 0.10390625 0.0171875 0.0140625
0 0.3234375 0.11875 0.0203125 0.021875
0 0.2953125 0.24375 0.0234375 0.025
0 0.2765625 0.2375 0.021875 0.0234375
0 0.2703125 0.2578125 0.0234375 0.025
0 0.2578125 0.23515625 0.015625 0.01875
0 0.25390625 0.41953125 0.0234375 0.025
0 0.2375 0.4140625 0.0234375 0.0265625
0 0.2203125 0.4109375 0.025 0.028125
0 0.2109375 0.58984375 0.0171875 0.0171875
0 0.20625 0.6078125 0.01875 0.0171875
0 0.19296875 0.58828125 0.01875 0.0171875
0 0.18828125 0.60234375 0.01875 0.015625