1 0.81015625 0.88125 0.1515625 0.228125
1 0.6203125 0.8578125 0.146875 0.2296875
1 0.44140625 0.8359375 0.146875 0.2296875
1 0.2625 0.80859375 0.140625 0.225
1 0.08515625 0.78125 0.153125 0.23125
1 0.11875 0.55546875 0.1484375 0.2296875
1 0.28984375 0.5796875 0.128125 0.221875
1 0.47265625 0.60703125 0.159375 0.2296875
1 0.6546875 0.63359375 0.153125 0.228125
1 0.83984375 0.659375 0.1546875 0.225
1 0.87265625 0.43671875 0.1546875 0.2234375
1 0.903125 0.209375 0.1484375 0.2296875
1 0.684375 0.4125 0.14375 0.2265625
1 0.7171875 0.1859375 0.1359375 0.2234375
1 0.53828125 0.1625 0.14375 0.225
1 0.35546875 0.1375 0.146875 0.2265625
1 0.17578125 0.11171875 0.1609375 0.2234375
1 0.14921875 0.33671875 0.14375 0.2265625
1 0.3234375 0.3609375 0.1421875 0.225
1 0.5046875 0.38515625 0.153125 0.23125
0 0.83828125 0.9734375 0.025 0.025
0 0.81484375 0.9609375 0.0234375 0.025
0 0.8390625 0.94921875 0.0265625 0.028125
0 0.64765625 0.9484375 0.0265625 0.021875
0 0.64921875 0.93046875 0.0328125 0.0234375
0 0.65078125 0.91171875 0.0296875 0.025
0 0.46328125 0.9203125 0.025 0.0265625
0 0.46796875 0.903125 0.025 0.0203125
0 0.4703125 0.884375 0.0234375 0.025
0 0.28515625 0.89453125 0.0171875 0.0171875
0 0.2875 0.87734375 0.0203125 0.01875
0 0.290625 0.8625 0.0203125 0.0203125
0 0.11328125 0.86875 0.0171875 0.0171875
0 0.11484375 0.85546875 0.0171875 0.015625
0 0.11875 0.840625 0.0203125 0.01875
0 0.86015625 0.7453125 0.0109375 0.0171875
0 0.8640625 0.7265625 0.0140625 0.0171875
0 0.865625 0.70859375 0.0171875 0.0171875
0 0.6328125 0.675 0.0171875 0.0140625
0 0.6640625 0.6796875 0.0171875 0.0140625
0 0.66171875 0.70703125 0.0109375 0.0171875
0 0.63125 0.70546875 0.015625 0.0140625
0 0.48515625 0.68046875 0.0140625 0.0171875
0 0.48515625 0.66015625 0.0171875 0.0125
0 0.4453125 0.675 0.0203125 0.0203125
0 0.446875 0.65703125 0.0171875 0.01875
0 0.31640625 0.65859375 0.0125 0.0171875
0 0.31953125 0.6421875 0.0109375 0.0140625
0 0.32109375 0.62421875 0.0125 0.0171875
0 0.30703125 0.640625 0.015625 0.0203125
0 0.14296875 0.65 0.0171875 0.0140625
0 0.1328125 0.64765625 0.0171875 0.0171875
0 0.890625 0.5203125 0.028125 0.028125
0 0.890625 0.5 0.01875 0.0171875
0 0.70234375 0.4953125 0.028125 0.025
0 0.70546875 0.46640625 0.03125 0.03125
0 0.525 0.475 0.0203125 0.01875
0 0.53046875 0.45546875 0.0265625 0.01875
0 0.53046875 0.4421875 0.0265625 0.01875
0 0.31875 0.43359375 0.01875 0.01875
0 0.3203125 0.41953125 0.0234375 0.0171875
0 0.32265625 0.40546875 0.0234375 0.01875
0 0.1671875 0.4171875 0.01875 0.01875
0 0.17265625 0.40390625 0.0265625 0.01875
0 0.171875 0.384375 0.021875 0.0171875
0 0.9234375 0.29296875 0.0171875 0.0171875
0 0.90703125 0.2890625 0.0140625 0.015625
0 0.89140625 0.28828125 0.01875 0.021875
0 0.87578125 0.2859375 0.0125 0.0171875
0 0.8609375 0.28515625 0.0203125 0.01875
0 0.73359375 0.26953125 0.0234375 0.021875
0 0.7375 0.25 0.021875 0.0203125
0 0.7171875 0.246875 0.0234375 0.021875
0 0.73828125 0.23125 0.0171875 0.0140625
0 0.5546875 0.246875 0.025 0.021875
0 0.5578125 0.2296875 0.0265625 0.021875
0 0.559375 0.2125 0.028125 0.021875
0 0.38046875 0.221875 0.015625 0.015625
0 0.36171875 0.21953125 0.015625 0.0171875
0 0.3796875 0.20390625 0.015625 0.0171875
0 0.365625 0.20078125 0.0140625 0.0171875